function [polDL polUL] = Junction_6(NL,~)
    NH = 3;
    NW = 5;
    midDL = [...
             [-601/2711 2289/2711 -3117/2711 4320/2711 0 -198/2711 18/2711;...
              1803/12013 -6104/12013 6234/12013 0 8604/12013 1584/12013 -108/12013;...
              -3606/13649 11445/13649 -10390/13649 0 1980/13649 15660/13649 -1440/13649]...
             zeros(3,4)];
    midUL = [zeros(3,4)...
             [-1440/13649 15660/13649 1980/13649 -10390/13649 0 11445/13649 -3606/13649;...
              -108/12013 1584/12013 8604/12013 6234/12013 0 -6104/12013 1803/12013;...
             18/2711 -198/2711 0 4320/2711 -3117/2711 2289/2711 -601/2711]...
             ];
    
    ND = NL;
    NU = NL;
    
    polDL = eye(ND+1);
    polUL = eye(NU+1);
    
    polDL = [polDL  zeros(ND+1, NL)];
    polUL = [zeros(NU+1, NL)  polUL];
    
    temp = polUL;
    
    polDL((ND-NH+2):(ND+1),(ND-NW+1):(ND+NW+1)) = midDL;
    polUL(1:NH,(NU-NW+1):(NU+NW+1)) = midUL;
end